    eta max_depth mean_scores best_nrounds
1  0.10         1   0.6113442          468
2  0.30         1   0.6113743          121
3  0.20         2   0.6114346           43
4  0.20         3   0.6114634           56
5  0.20         1   0.6115060          150
6  0.30         2   0.6115206           36
7  0.05         1   0.6115682          635
8  0.10         2   0.6116387           78
9  0.05         4   0.6117289           79
10 0.05         3   0.6119031           96
11 0.30         3   0.6119050           22
12 0.05         2   0.6119155          221
13 0.30         4   0.6119890            9
14 0.10         3   0.6120654           58
15 0.20         4   0.6120880           15
16 0.10         4   0.6121749           36
17 0.10         5   0.6122957           49
18 0.20         5   0.6125361           18
19 0.05         5   0.6125761           66
20 0.10         6   0.6127476           35
21 0.05         6   0.6130489           62
22 0.20         7   0.6131024           16
23 0.30         5   0.6131432           10
24 0.05         7   0.6133122           61
25 0.30         6   0.6133424           11
26 0.30         7   0.6136492            8
27 0.10         7   0.6138018           34
28 0.20         6   0.6139072           16
