   dnn_hidden_1 dnn_hidden_2 dnn_hidden_3 mean_scores
1             0            0            0    1.253184
2            40            0            0    1.253210
3            20           20           30    1.253238
4            10           40           30    1.253258
5            30           10           40    1.253274
6            30           30            0    1.253287
7            10           20            0    1.253301
8            10           30           30    1.253307
9            30            0            0    1.253313
10           40           20           10    1.253314
11           30           30           30    1.253320
12           30           40           20    1.253322
13           10           40           20    1.253325
14           20           20            0    1.253328
15           10           10            0    1.253335
16           40           10            0    1.253336
17           40           10           40    1.253342
18           30           10           20    1.253343
19           30           30           40    1.253345
20           20           10           10    1.253347
21           30           10            0    1.253350
22           40           30           30    1.253351
23           20           40           20    1.253355
24           30           40           30    1.253356
25           10           10           20    1.253357
26           30           20           20    1.253360
27           10           30           40    1.253364
28           40           30           20    1.253365
29           20           10           30    1.253365
30           10           30            0    1.253371
31           30           30           10    1.253373
32           40           20           30    1.253377
33           20           20           10    1.253379
34           30           20           10    1.253381
35           10           20           10    1.253382
36           40           20            0    1.253382
37           20           30           30    1.253383
38           30           10           10    1.253383
39           20            0            0    1.253385
40           40           40            0    1.253385
41           40           30           10    1.253386
42           20           10            0    1.253390
43           40           40           20    1.253393
44           30           40            0    1.253394
45           10           10           40    1.253397
46           10           30           10    1.253398
47           40           20           40    1.253398
48           10           40            0    1.253399
49           40           40           30    1.253402
50           10            0            0    1.253403
51           20           20           20    1.253405
52           20           30           20    1.253406
53           20           40           10    1.253412
54           40           30            0    1.253416
55           20           30           10    1.253417
56           40           10           30    1.253420
57           30           20            0    1.253420
58           10           30           20    1.253423
59           30           10           30    1.253425
60           40           10           10    1.253428
61           40           40           40    1.253430
62           10           10           30    1.253431
63           30           40           10    1.253431
64           20           20           40    1.253432
65           20           10           20    1.253434
66           10           10           10    1.253434
67           40           20           20    1.253435
68           20           40           40    1.253437
69           30           20           30    1.253446
70           40           30           40    1.253451
71           10           20           20    1.253451
72           30           30           20    1.253453
73           20           40           30    1.253455
74           20           30           40    1.253456
75           20           40            0    1.253460
76           10           20           30    1.253461
77           40           40           10    1.253464
78           10           20           40    1.253470
79           20           30            0    1.253477
80           20           10           40    1.253483
81           10           40           40    1.253484
82           40           10           20    1.253485
83           10           40           10    1.253493
84           30           20           40    1.253497
85           30           40           40    1.253499
