    eta max_depth mean_scores best_nrounds
1  0.30         2   0.5765381           34
2  0.20         2   0.5766057           38
3  0.05         2   0.5766844          159
4  0.05         5   0.5766999           92
5  0.05         4   0.5767557           92
6  0.10         3   0.5767577           54
7  0.10         2   0.5767703           82
8  0.20         4   0.5767995           25
9  0.05         3   0.5768041           98
10 0.20         3   0.5768074           23
11 0.10         4   0.5768418           45
12 0.30         4   0.5769093           13
13 0.30         3   0.5770415           14
14 0.20         5   0.5771594           22
15 0.30         5   0.5778577           16
16 0.10         5   0.5778766           40
17 0.05         6   0.5779326           81
18 0.10         6   0.5783072           40
19 0.30         6   0.5783536           13
20 0.10         1   0.5784066          201
21 0.30         1   0.5784450           50
22 0.05         1   0.5785046          413
23 0.20         1   0.5786020           83
24 0.20         6   0.5787241           19
25 0.05         7   0.5788975           70
26 0.10         7   0.5796009           29
27 0.30         7   0.5796637            9
28 0.20         7   0.5797189           13
