   dnn_hidden_1 dnn_hidden_2 dnn_hidden_3 mean_scores
1            20           10           10    1.251471
2            30           40           40    1.251520
3            10           40           10    1.251520
4            10           30           10    1.251522
5             0            0            0    1.251526
6            40           10           10    1.251536
7            20            0            0    1.251547
8            10           20           20    1.251559
9            30           20           40    1.251559
10           10           30           40    1.251561
11           10           10           20    1.251567
12           40           40           30    1.251570
13           20           10           20    1.251573
14           20           40           20    1.251577
15           30           10           10    1.251582
16           40           10            0    1.251585
17           20           20           10    1.251586
18           20           40           10    1.251592
19           30           10           30    1.251595
20           20           10            0    1.251599
21           10           40            0    1.251602
22           30           10           40    1.251604
23           10           30           30    1.251609
24           40           10           20    1.251612
25           10           20           30    1.251613
26           40           30           10    1.251613
27           20           10           40    1.251617
28           30           20           10    1.251623
29           10           10            0    1.251626
30           20           20           40    1.251634
31           20           20           30    1.251634
32           20           30           20    1.251636
33           10           40           40    1.251637
34           20           40           30    1.251638
35           10           20           40    1.251640
36           10           10           10    1.251643
37           20           20           20    1.251652
38           20           30           40    1.251659
39           10           10           40    1.251663
40           20           40            0    1.251663
41           30           40            0    1.251665
42           30           40           20    1.251667
43           10            0            0    1.251667
44           40           40           40    1.251672
45           10           30            0    1.251675
46           30           20           30    1.251676
47           20           40           40    1.251676
48           30           10           20    1.251684
49           30           30           10    1.251690
50           40           30           30    1.251705
51           10           20            0    1.251712
52           10           20           10    1.251717
53           30           30            0    1.251729
54           30           20           20    1.251729
55           20           30            0    1.251731
56           40           30            0    1.251738
57           10           30           20    1.251744
58           40           10           40    1.251752
59           20           10           30    1.251758
60           20           30           30    1.251760
61           40           20           30    1.251762
62           10           10           30    1.251782
63           20           30           10    1.251802
64           30           20            0    1.251812
65           30           40           30    1.251813
66           30           40           10    1.251822
67           40           30           20    1.251830
68           20           20            0    1.251848
69           30           30           30    1.251853
70           40           20           10    1.251862
71           30           30           20    1.251867
72           40           10           30    1.251873
73           40           20            0    1.251877
74           10           40           30    1.251880
75           10           40           20    1.251890
76           30           10            0    1.251897
77           40           30           40    1.251901
78           40           40           20    1.251986
79           30           30           40    1.251990
80           40           40            0    1.252007
81           40            0            0    1.252008
82           40           20           20    1.252014
83           40           40           10    1.252072
84           40           20           40    1.252101
85           30            0            0    1.252126
