   dnn_hidden_1 dnn_hidden_2 dnn_hidden_3 mean_scores
1            40           10           10   0.4876413
2            20           30           30   0.4876435
3            40           10           30   0.4876453
4            40           40           10   0.4876468
5            40           40           20   0.4876469
6            40           20           30   0.4876475
7            30           10           10   0.4876477
8            30           30           30   0.4876488
9            10           40           40   0.4876488
10           30           20           20   0.4876497
11           40           30            0   0.4876502
12           10           40           30   0.4876503
13           40           10           40   0.4876505
14           20           40            0   0.4876505
15           20           20           10   0.4876513
16           20           40           40   0.4876516
17           40           40            0   0.4876517
18           10           30           40   0.4876518
19           30           40           30   0.4876523
20           20           10           20   0.4876523
21           10           40            0   0.4876524
22           20           10           30   0.4876529
23           30           30           40   0.4876532
24           30           10           40   0.4876532
25           10           30           20   0.4876536
26           40           10           20   0.4876539
27           10           10           10   0.4876539
28           40           30           30   0.4876540
29           10           30           10   0.4876540
30           10           20           40   0.4876544
31           20           30           20   0.4876544
32           10           10           20   0.4876546
33           40           20           40   0.4876551
34           30           20           40   0.4876553
35           40           30           20   0.4876554
36           30           30           10   0.4876557
37           20           30           10   0.4876557
38           30           40           10   0.4876558
39           20           10            0   0.4876558
40           10           20           20   0.4876563
41           20           10           10   0.4876566
42           20           20           40   0.4876570
43           30           40           20   0.4876571
44           30           10           20   0.4876571
45           30           10           30   0.4876572
46           40           20           10   0.4876574
47           30           20            0   0.4876576
48           40           40           40   0.4876578
49           30           30            0   0.4876579
50           20           30            0   0.4876585
51           40           20           20   0.4876588
52           10           20           30   0.4876588
53           10           40           10   0.4876591
54           40           40           30   0.4876592
55           30           10            0   0.4876593
56           40           20            0   0.4876593
57           40           30           40   0.4876596
58           10           10           30   0.4876599
59           40           30           10   0.4876599
60           30           40            0   0.4876602
61           20           20           30   0.4876602
62           20           20            0   0.4876602
63           10           20           10   0.4876605
64           10           30            0   0.4876607
65           10           30           30   0.4876609
66           20           20           20   0.4876615
67           40           10            0   0.4876617
68           30           40           40   0.4876618
69           30           20           10   0.4876621
70           30           30           20   0.4876623
71           10           40           20   0.4876634
72           10           10            0   0.4876634
73           20           10           40   0.4876639
74           20           30           40   0.4876640
75           10           20            0   0.4876646
76           20           40           30   0.4876649
77           10           10           40   0.4876649
78           30           20           30   0.4876659
79           20           40           10   0.4876664
80           20           40           20   0.4876807
81           40            0            0   0.4876917
82           20            0            0   0.4877000
83           10            0            0   0.4877001
84           30            0            0   0.4877009
85            0            0            0   0.4877083
