settlement
   dnn_hidden_1 dnn_hidden_2 dnn_hidden_3 mean_scores
1            10           20           10   0.5842017
2            30           10           20   0.5842061
3            20           30           20   0.5842159
4            20           10            0   0.5842184
5            10           30            0   0.5842195
6             0            0            0   0.5842231
7            10           30           30   0.5842294
8            10           10           30   0.5842327
9            10           20           30   0.5842365
10           30           10           10   0.5842392
11           10           30           10   0.5842404
12           30            0            0   0.5842415
13           10           10           10   0.5842417
14           20           30           10   0.5842429
15           10           20           20   0.5842436
16           20            0            0   0.5842444
17           30           10            0   0.5842453
18           30           20            0   0.5842460
19           20           20           10   0.5842481
20           10            0            0   0.5842501
21           30           20           30   0.5842508
22           30           30           10   0.5842521
23           20           10           30   0.5842548
24           10           10            0   0.5842559
25           20           10           10   0.5842571
26           10           20            0   0.5842582
27           10           30           20   0.5842592
28           10           10           20   0.5842632
29           20           30            0   0.5842637
30           20           20           20   0.5842649
31           30           30           30   0.5842660
32           20           30           30   0.5842687
33           20           20            0   0.5842698
34           30           20           10   0.5842739
35           20           10           20   0.5842762
36           30           20           20   0.5842791
37           30           10           30   0.5842793
38           30           30            0   0.5842821
39           20           20           30   0.5842843
40           30           30           20   0.5842849

payment
   dnn_hidden_1 dnn_hidden_2 dnn_hidden_3 mean_scores
1            10           10           20   0.3095578
2            20           30           20   0.3095643
3            10           30           30   0.3095780
4            10           20           10   0.3095791
5            20           20           30   0.3095806
6            30           30           30   0.3095823
7            20           10           30   0.3095870
8            30           30           10   0.3095879
9            20           20           20   0.3095910
10           30           20           30   0.3095911
11           10           10           30   0.3095921
12           10           30           20   0.3095958
13           10           20           20   0.3095987
14           20           30           30   0.3096016
15           10           30            0   0.3096043
16           30           20           10   0.3096056
17           10           30           10   0.3096057
18           30           10           10   0.3096067
19           20           30           10   0.3096088
20           20           10           20   0.3096094
21           10           20           30   0.3096147
22           30           10           30   0.3096151
23           30           20           20   0.3096177
24           10           20            0   0.3096192
25           20           10           10   0.3096271
26           20           30            0   0.3096312
27           30           30           20   0.3096315
28           30           20            0   0.3096336
29           30           10           20   0.3096340
30           20           10            0   0.3096343
31           30           10            0   0.3096345
32           30           30            0   0.3096347
33           10           10            0   0.3096465
34           20           20           10   0.3096489
35           20           20            0   0.3096496
36           10           10           10   0.3096742
37           30            0            0   0.3096902
38           20            0            0   0.3097511
39           10            0            0   0.3098289
40            0            0            0   0.3098463

size
   dnn_hidden_1 dnn_hidden_2 dnn_hidden_3 mean_scores
1             0            0            0   0.9949686
2            30           20           10   0.9949912
3            10           20            0   0.9951393
4            30           30           10   0.9952513
5            10           20           10   0.9952517
6            10            0            0   0.9952523
7            30           20           20   0.9952751
8            20           30            0   0.9952994
9            10           10           30   0.9953025
10           20           30           10   0.9953069
11           10           30           10   0.9953107
12           20           20           20   0.9953519
13           30           10            0   0.9953954
14           10           10            0   0.9954094
15           10           20           20   0.9954127
16           20           20           10   0.9954198
17           30           10           20   0.9954368
18           20           30           30   0.9954511
19           20           10            0   0.9954585
20           30           10           30   0.9954671
21           20           10           10   0.9954814
22           30           20           30   0.9954859
23           20           20            0   0.9954899
24           10           30            0   0.9955003
25           10           10           10   0.9955029
26           10           30           20   0.9955060
27           10           30           30   0.9955245
28           10           10           20   0.9955418
29           20            0            0   0.9955502
30           30           20            0   0.9955590
31           30           10           10   0.9955604
32           20           20           30   0.9955679
33           10           20           30   0.9955698
34           20           10           30   0.9955985
35           20           10           20   0.9956333
36           30           30           30   0.9956941
37           20           30           20   0.9957453
38           30            0            0   0.9957468
39           30           30            0   0.9957691
40           30           30           20   0.9958453
