   dnn_hidden_1 dnn_hidden_2 dnn_hidden_3 mean_scores
1            20           30            0   0.4658566
2            20           40           10   0.4658678
3            40           40           20   0.4658698
4            30           20           40   0.4658701
5            30           30           10   0.4658709
6            40           20           20   0.4658711
7            40           20           30   0.4658713
8            20           40           20   0.4658726
9            10           10           20   0.4658731
10           20           10           10   0.4658733
11           40           10           10   0.4658744
12           30           10            0   0.4658745
13           20           10            0   0.4658747
14           20           10           40   0.4658749
15           40           40           40   0.4658751
16           30           10           10   0.4658751
17           10           40            0   0.4658761
18           40           10            0   0.4658766
19           40           30           10   0.4658771
20           20           30           20   0.4658782
21           30           40           30   0.4658784
22           40           20            0   0.4658784
23           10           10            0   0.4658793
24           30           40           10   0.4658795
25           30           20           10   0.4658797
26           20           20           40   0.4658810
27           40           40            0   0.4658811
28           10           30            0   0.4658812
29           10           20           40   0.4658814
30           30           40            0   0.4658816
31           10           40           20   0.4658817
32           20           30           30   0.4658820
33           20           40            0   0.4658823
34           10           20           20   0.4658823
35           30           30            0   0.4658828
36           40           40           30   0.4658828
37           40           40           10   0.4658831
38           10           40           10   0.4658832
39           20           20            0   0.4658833
40            0            0            0   0.4658834
41           30           30           30   0.4658839
42           20           20           20   0.4658842
43           30           20            0   0.4658844
44           40           30           20   0.4658846
45           20           10           20   0.4658847
46           10           20           30   0.4658849
47           10           40           40   0.4658853
48           20           10           30   0.4658855
49           10           30           10   0.4658855
50           10           30           40   0.4658855
51           10           10           40   0.4658855
52           20           30           10   0.4658856
53           30           10           20   0.4658857
54           30           40           40   0.4658858
55           30           20           20   0.4658862
56           10           20           10   0.4658865
57           20           20           30   0.4658871
58           20           40           30   0.4658881
59           10           30           20   0.4658882
60           30           20           30   0.4658883
61           10           10           30   0.4658884
62           20           40           40   0.4658885
63           10           40           30   0.4658886
64           40           30           30   0.4658895
65           10           30           30   0.4658898
66           30           40           20   0.4658901
67           40           10           40   0.4658902
68           20           30           40   0.4658910
69           40           10           20   0.4658915
70           40           30            0   0.4658919
71           20           20           10   0.4658926
72           40           10           30   0.4658927
73           30           30           20   0.4658931
74           30            0            0   0.4658945
75           20            0            0   0.4658950
76           10           10           10   0.4658956
77           30           10           40   0.4658956
78           40           20           40   0.4658970
79           40            0            0   0.4658978
80           10           20            0   0.4658989
81           30           30           40   0.4658990
82           30           10           30   0.4659027
83           40           20           10   0.4659029
84           40           30           40   0.4659067
85           10            0            0   0.4659440
