   dnn_hidden_1 dnn_hidden_2 dnn_hidden_3 mean_scores
1            30           20           40   0.5513985
2            40           40           10   0.5514056
3            40           20           20   0.5514057
4            10           30           20   0.5514079
5            20           40           30   0.5514095
6            10           20           30   0.5514098
7            20            0            0   0.5514101
8            40           30           30   0.5514103
9            40           30            0   0.5514105
10           10           10           20   0.5514110
11            0            0            0   0.5514112
12           30           30           40   0.5514129
13           40           10           30   0.5514147
14           40            0            0   0.5514154
15           10           30           30   0.5514157
16           30           20           30   0.5514162
17           10           20            0   0.5514162
18           30           10            0   0.5514163
19           40           10            0   0.5514170
20           40           40           40   0.5514171
21           10           30            0   0.5514177
22           30           10           40   0.5514177
23           30           10           30   0.5514179
24           20           40           40   0.5514185
25           10           10           40   0.5514188
26           20           10           20   0.5514188
27           10            0            0   0.5514195
28           10           10           10   0.5514199
29           30           40           40   0.5514205
30           10           20           40   0.5514205
31           30            0            0   0.5514207
32           20           30           30   0.5514210
33           20           10           10   0.5514212
34           20           40           20   0.5514213
35           30           40           10   0.5514213
36           20           40           10   0.5514213
37           10           30           10   0.5514215
38           20           20           40   0.5514223
39           10           40           40   0.5514226
40           30           30           10   0.5514229
41           40           10           20   0.5514230
42           10           40           30   0.5514238
43           20           10            0   0.5514239
44           20           30           10   0.5514241
45           30           30           20   0.5514244
46           30           40           30   0.5514244
47           20           10           40   0.5514246
48           10           40            0   0.5514249
49           40           10           10   0.5514253
50           10           10           30   0.5514254
51           30           10           20   0.5514255
52           40           10           40   0.5514256
53           20           10           30   0.5514260
54           40           40           20   0.5514262
55           10           40           20   0.5514264
56           20           20           10   0.5514266
57           40           20           40   0.5514268
58           30           40            0   0.5514270
59           30           20           20   0.5514270
60           10           20           20   0.5514272
61           40           30           20   0.5514278
62           20           40            0   0.5514288
63           10           20           10   0.5514296
64           20           20           30   0.5514301
65           40           40            0   0.5514307
66           40           20           30   0.5514307
67           40           30           10   0.5514316
68           30           20           10   0.5514317
69           20           30            0   0.5514322
70           30           40           20   0.5514323
71           30           20            0   0.5514331
72           40           20           10   0.5514346
73           10           40           10   0.5514347
74           40           30           40   0.5514353
75           20           20           20   0.5514356
76           40           20            0   0.5514357
77           30           10           10   0.5514376
78           20           20            0   0.5514387
79           30           30           30   0.5514397
80           20           30           40   0.5514405
81           20           30           20   0.5514416
82           10           10            0   0.5514437
83           30           30            0   0.5514447
84           10           30           40   0.5514459
85           40           40           30   0.5514470
