   dnn_hidden_1 dnn_hidden_2 dnn_hidden_3 mean_scores
1            30           10           30   0.5425834
2            40            0            0   0.5425861
3            20           20           20   0.5425876
4            10           40           20   0.5425881
5            10           30           20   0.5425888
6            40           40           10   0.5425892
7            10           30           40   0.5425899
8            30           20           20   0.5425904
9            40           20            0   0.5425906
10           40           30            0   0.5425914
11           30           20           10   0.5425920
12           10           20            0   0.5425929
13           10           40           30   0.5425941
14           40           30           20   0.5425946
15           20           40            0   0.5425951
16           20           30           30   0.5425951
17           10           10           20   0.5425954
18           20           20           40   0.5425954
19           10           20           20   0.5425957
20           40           40            0   0.5425962
21           40           10            0   0.5425974
22           20           10           30   0.5425976
23           20           10           10   0.5425977
24           10           10           30   0.5425979
25           20           10           20   0.5425980
26           20           30           20   0.5425982
27           30           40            0   0.5425986
28           30           40           40   0.5425986
29           30           20            0   0.5425988
30           10           20           10   0.5425988
31           10            0            0   0.5425993
32           40           40           40   0.5425996
33           40           20           10   0.5426003
34           10           30           30   0.5426003
35           30           40           20   0.5426003
36           20           30           10   0.5426007
37           30           30           40   0.5426008
38           10           40           40   0.5426012
39           30           30            0   0.5426012
40           30           30           10   0.5426013
41           10           40            0   0.5426017
42           20           10            0   0.5426018
43           30           40           10   0.5426022
44           20           40           30   0.5426022
45           30           10           20   0.5426023
46           20            0            0   0.5426025
47           40           20           40   0.5426029
48           20           30           40   0.5426031
49           40           10           10   0.5426035
50           10           40           10   0.5426039
51           10           30           10   0.5426040
52           30           30           20   0.5426043
53           20           20           10   0.5426043
54           30           30           30   0.5426043
55           40           40           30   0.5426045
56           30           10           10   0.5426048
57           40           20           20   0.5426049
58           30           20           40   0.5426053
59           40           10           20   0.5426060
60           30           20           30   0.5426060
61           30           10            0   0.5426062
62           20           20            0   0.5426067
63           40           10           30   0.5426068
64           40           20           30   0.5426072
65           10           10            0   0.5426073
66           30           10           40   0.5426077
67           30           40           30   0.5426079
68           10           20           30   0.5426082
69           20           40           40   0.5426101
70           10           10           10   0.5426102
71           10           20           40   0.5426104
72           10           10           40   0.5426106
73           20           40           20   0.5426118
74           20           40           10   0.5426118
75            0            0            0   0.5426134
76           20           10           40   0.5426136
77           40           30           10   0.5426144
78           40           10           40   0.5426148
79           10           30            0   0.5426150
80           40           30           30   0.5426163
81           40           30           40   0.5426171
82           20           20           30   0.5426186
83           20           30            0   0.5426200
84           40           40           20   0.5426213
85           30            0            0   0.5426509
